203.38063049316406
166.68695068359375
165.0629119873047
170.89923095703125
167.3213348388672
166.55117797851562
167.14437866210938
165.0522918701172
164.70291137695312
164.52532958984375
164.18634033203125
163.64291381835938
164.93252563476562
163.8775177001953
163.28216552734375
163.15541076660156
163.1960906982422
163.17893981933594
163.05307006835938
162.94345092773438
162.84571838378906
162.75650024414062
162.67410278320312
162.59735107421875
162.5255126953125
162.45806884765625
162.39466857910156
162.33502197265625
162.2788543701172
162.225830078125
162.17578125
162.1239013671875
160.99229431152344
162.3617401123047
165.82260131835938
162.12322998046875
161.72438049316406
178.4977264404297
165.96554565429688
160.93917846679688
174.2989501953125
160.00897216796875
177.37057495117188
164.26478576660156
162.2866973876953
184.87542724609375
170.7655487060547
161.96310424804688
170.23780822753906
163.291015625
160.4662628173828
159.52867126464844
160.31898498535156
162.88499450683594
160.92649841308594
163.79241943359375
163.53854370117188
164.84703063964844
160.4305419921875
165.12742614746094
163.15159606933594
159.01780700683594
160.0957489013672
167.0013885498047
162.55203247070312
161.109130859375
161.6759490966797
163.4892578125
175.764404296875
160.0170135498047
161.98855590820312
162.9647216796875
160.5673828125
190.0887451171875
168.8663787841797
159.78053283691406
187.01303100585938
171.45936584472656
160.31195068359375
159.53631591796875
163.0051727294922
161.14495849609375
166.20437622070312
162.6951446533203
162.2988739013672
170.78790283203125
158.71177673339844
162.619873046875
163.0625457763672
163.903076171875
161.272216796875
158.975341796875
163.4198760986328
160.0515594482422
180.18983459472656
159.9567108154297
171.14337158203125
161.5021209716797
160.49424743652344
160.13340759277344
