208.48638916015625
166.10076904296875
168.06973266601562
168.7041473388672
176.5980682373047
165.0733642578125
167.38656616210938
166.5038299560547
165.40304565429688
164.30088806152344
163.99880981445312
163.5858917236328
163.72061157226562
163.40335083007812
163.8477783203125
163.226318359375
163.25003051757812
163.13369750976562
163.01600646972656
162.91110229492188
162.81600952148438
162.7288818359375
162.64816284179688
162.5728302001953
162.50230407714844
162.43606567382812
162.3739013671875
162.3153839111328
162.26025390625
162.20834350585938
162.15919494628906
179.31468200683594
163.77435302734375
184.27137756347656
185.88011169433594
161.8854522705078
165.39303588867188
164.37033081054688
170.52395629882812
162.38978576660156
160.85894775390625
168.21231079101562
160.76385498046875
160.79122924804688
161.51544189453125
160.16709899902344
193.5936279296875
168.88827514648438
160.86032104492188
162.89996337890625
159.89637756347656
160.14080810546875
160.65853881835938
175.0019989013672
160.0678253173828
159.70333862304688
167.81333923339844
159.7139129638672
160.12493896484375
159.29458618164062
159.5145263671875
160.31390380859375
160.6248779296875
160.99478149414062
160.18392944335938
161.3269500732422
159.24493408203125
164.85789489746094
160.261474609375
163.37705993652344
160.64666748046875
160.27525329589844
168.53607177734375
160.65342712402344
160.01268005371094
163.49513244628906
181.79270935058594
160.26507568359375
160.0142364501953
165.26007080078125
158.83750915527344
188.43197631835938
162.9156494140625
187.40216064453125
163.12060546875
161.213134765625
159.72525024414062
164.10015869140625
161.2034912109375
162.22677612304688
159.54525756835938
160.04403686523438
160.23062133789062
158.53919982910156
160.6261749267578
158.72337341308594
171.76214599609375
162.9979705810547
174.9009552001953
165.0953369140625
