207.65780639648438
171.52294921875
170.35496520996094
169.59292602539062
169.0802001953125
168.6930389404297
168.38565063476562
168.13706970214844
167.941650390625
167.8188018798828
167.8325653076172
167.82911682128906
166.90618896484375
166.20387268066406
165.037841796875
162.85682678222656
160.70989990234375
161.69915771484375
162.38401794433594
165.07208251953125
174.98802185058594
164.4801788330078
164.04922485351562
162.53793334960938
163.1446075439453
160.50729370117188
161.0950469970703
163.7030487060547
161.92005920410156
159.44943237304688
179.2139434814453
164.5384979248047
160.24066162109375
161.28591918945312
160.3644561767578
161.7017822265625
167.73785400390625
161.65939331054688
160.60804748535156
166.9239501953125
161.4836883544922
165.70550537109375
163.41812133789062
164.24697875976562
164.03298950195312
161.40570068359375
161.2831268310547
160.78152465820312
159.30372619628906
159.99746704101562
162.14979553222656
165.34378051757812
159.56463623046875
160.34478759765625
160.7230224609375
161.13229370117188
188.56724548339844
158.78366088867188
159.20883178710938
159.82968139648438
164.81771850585938
162.8645477294922
163.5425262451172
164.63275146484375
172.06796264648438
177.04177856445312
160.552001953125
160.50047302246094
158.81094360351562
160.7461395263672
165.80824279785156
165.83192443847656
183.5028076171875
158.7047576904297
160.22750854492188
159.53897094726562
159.30299377441406
162.3974609375
182.90972900390625
166.1429443359375
158.4353790283203
160.97239685058594
161.5849609375
158.66490173339844
158.1522216796875
160.08578491210938
165.79269409179688
178.1929473876953
168.81634521484375
160.58404541015625
158.7147216796875
159.2124786376953
158.5668182373047
158.27462768554688
160.60369873046875
163.5999298095703
162.01507568359375
186.284912109375
163.85084533691406
159.05209350585938
