203.12306213378906
166.94334411621094
165.8673095703125
164.32769775390625
168.54977416992188
168.75045776367188
171.4041290283203
170.42124938964844
169.50640869140625
172.44589233398438
170.8310089111328
170.5749053955078
170.53543090820312
169.35781860351562
168.36936950683594
168.3761444091797
168.25686645507812
168.39816284179688
168.36732482910156
168.32000732421875
168.26962280273438
168.21701049804688
168.1630859375
168.1094970703125
168.05760192871094
168.0086212158203
167.96287536621094
167.92100524902344
167.88284301757812
167.8480682373047
167.816650390625
161.78182983398438
186.9918670654297
160.51414489746094
165.79664611816406
160.4527587890625
175.56472778320312
173.93667602539062
160.51089477539062
158.9856414794922
160.79298400878906
160.52403259277344
174.10928344726562
161.33682250976562
161.62445068359375
164.90267944335938
161.76100158691406
160.9002685546875
161.32476806640625
164.75991821289062
163.37948608398438
173.7517547607422
159.67904663085938
162.37557983398438
183.7563934326172
162.3224334716797
175.14840698242188
177.24014282226562
159.82505798339844
161.289794921875
163.23748779296875
166.0726318359375
190.6627655029297
160.5455780029297
188.40872192382812
160.07308959960938
160.2125244140625
160.99400329589844
160.51223754882812
161.796630859375
163.26881408691406
160.8338165283203
160.947509765625
160.1689453125
169.78253173828125
159.8820037841797
159.39788818359375
166.7333221435547
159.2787628173828
164.4111785888672
173.9879913330078
160.56048583984375
161.3585205078125
162.32894897460938
186.44573974609375
169.06805419921875
160.5692596435547
161.27354431152344
189.14114379882812
167.84970092773438
160.49830627441406
164.3186798095703
159.0730743408203
161.71072387695312
184.8942108154297
189.69088745117188
159.118896484375
160.31216430664062
160.77557373046875
170.2952423095703
