201.52186584472656
143.10296630859375
139.14559936523438
136.59324645996094
143.53921508789062
132.0757293701172
135.29624938964844
128.8068084716797
140.84893798828125
136.95762634277344
127.57376098632812
126.96553039550781
131.39102172851562
133.6044158935547
129.11334228515625
133.317138671875
130.90939331054688
135.12950134277344
138.4180145263672
129.6273651123047
122.94500732421875
129.34820556640625
134.33583068847656
133.1964111328125
131.10606384277344
130.03302001953125
125.92105865478516
128.8907928466797
120.00376892089844
123.29473876953125
127.87628173828125
123.44824981689453
123.80146026611328
129.0723419189453
129.59364318847656
128.8504638671875
126.32719421386719
123.35478973388672
122.00020599365234
127.57230377197266
123.36851501464844
121.27104949951172
121.31915283203125
119.93099975585938
125.87725830078125
125.32109069824219
118.51071166992188
134.21401977539062
120.38321685791016
128.77902221679688
119.41731262207031
131.13934326171875
123.31017303466797
128.66409301757812
127.79208374023438
130.094970703125
129.52297973632812
122.629638671875
116.93738555908203
123.59012603759766
121.34373474121094
119.2626724243164
119.85887145996094
121.32808685302734
123.4857406616211
122.6729507446289
121.8213119506836
127.20210266113281
126.45690155029297
119.3807601928711
128.57427978515625
119.89652252197266
128.32296752929688
129.3494873046875
132.1009521484375
121.8695297241211
130.67381286621094
122.78592681884766
125.25306701660156
129.54689025878906
122.98448181152344
133.54092407226562
120.43162536621094
129.71055603027344
121.49007415771484
123.67961120605469
120.4260025024414
121.21597290039062
119.06177520751953
126.54590606689453
123.05247497558594
119.87378692626953
123.09027862548828
125.9971694946289
118.71385192871094
132.49307250976562
119.91738891601562
119.55653381347656
120.76866149902344
124.31040954589844
