205.54525756835938
140.3787384033203
136.8673553466797
138.795654296875
137.3038330078125
135.44720458984375
137.26113891601562
134.90493774414062
134.13198852539062
137.48922729492188
132.28639221191406
133.01461791992188
134.6746826171875
132.06414794921875
130.91424560546875
131.16299438476562
132.2411346435547
132.71340942382812
129.68838500976562
132.14346313476562
130.29473876953125
128.74417114257812
127.62625122070312
129.6979522705078
130.1493682861328
128.61373901367188
128.62908935546875
127.59922790527344
125.86767578125
132.5410919189453
131.33154296875
128.72930908203125
128.23899841308594
129.1614990234375
129.734619140625
141.69387817382812
124.75022888183594
126.4421157836914
135.29473876953125
129.20413208007812
130.68264770507812
136.46908569335938
126.85151672363281
126.43406677246094
128.66363525390625
131.9034423828125
126.20050048828125
148.89511108398438
130.1072998046875
127.39387512207031
127.61988830566406
125.41621398925781
126.09957122802734
129.80697631835938
130.27159118652344
135.58688354492188
125.72242736816406
128.74266052246094
125.95526885986328
145.25682067871094
126.44011688232422
128.2220458984375
128.18907165527344
129.60009765625
129.20407104492188
126.47038269042969
133.67880249023438
132.35934448242188
132.49969482421875
131.78903198242188
130.86178588867188
126.88170623779297
125.6615219116211
132.94837951660156
126.14242553710938
128.02186584472656
140.37911987304688
124.89315795898438
124.813232421875
125.55890655517578
127.23806762695312
125.39506530761719
130.6462860107422
141.3344268798828
138.51986694335938
128.92198181152344
125.9898681640625
141.09945678710938
127.51531982421875
125.48863220214844
130.22129821777344
125.41938781738281
126.96098327636719
126.68339538574219
125.25438690185547
126.28950500488281
125.26272583007812
124.52857971191406
132.71337890625
127.91384887695312
