201.60720825195312
149.642333984375
135.55160522460938
140.54522705078125
128.78759765625
145.092529296875
125.98008728027344
129.59837341308594
122.00425720214844
127.05655670166016
124.45721435546875
146.63438415527344
129.63792419433594
144.50152587890625
125.93927764892578
124.77400207519531
121.90023803710938
130.45907592773438
127.04603576660156
135.27685546875
126.53785705566406
134.55667114257812
131.7558135986328
130.70623779296875
131.20654296875
125.86085510253906
122.42974090576172
126.68663787841797
126.17478942871094
131.49884033203125
128.72488403320312
129.66098022460938
134.95860290527344
124.62065887451172
120.50529479980469
126.2376937866211
128.36944580078125
131.52879333496094
132.91571044921875
130.6508026123047
123.77780151367188
130.18931579589844
124.50382995605469
143.3525848388672
128.29251098632812
124.23033142089844
129.95558166503906
133.32577514648438
128.302490234375
132.4801788330078
126.22846984863281
123.53890991210938
126.66606140136719
132.72657775878906
136.32655334472656
134.1800079345703
132.62283325195312
129.96702575683594
126.82830810546875
129.089599609375
123.64701080322266
129.99649047851562
125.97451782226562
135.3752899169922
123.2474365234375
126.42720031738281
139.3074188232422
124.26838684082031
122.90702819824219
131.8218231201172
125.0459976196289
130.64161682128906
122.1220474243164
118.74134826660156
128.974853515625
124.4588394165039
123.95500183105469
129.20501708984375
123.26713562011719
120.14141845703125
121.80004119873047
125.77398681640625
126.58558654785156
121.2114028930664
131.3220672607422
142.37838745117188
119.7186279296875
141.92550659179688
121.76700592041016
131.13327026367188
136.43739318847656
118.28981018066406
123.61188507080078
126.43431091308594
138.1627197265625
127.00052642822266
123.63035583496094
127.68611145019531
123.68348693847656
119.42689514160156
