200.07960510253906
120.62875366210938
118.81285095214844
108.65202331542969
123.16305541992188
111.23319244384766
130.5985565185547
108.55842590332031
105.95700073242188
109.45043182373047
104.09918212890625
119.88463592529297
101.54894256591797
102.20293426513672
99.46458435058594
114.13458251953125
102.00741577148438
100.26927185058594
102.14373016357422
105.70570373535156
103.09432983398438
99.42579650878906
96.92111206054688
94.9209976196289
100.07009887695312
100.57403564453125
94.75648498535156
104.246337890625
99.79307556152344
101.06675720214844
100.30670166015625
98.92092895507812
96.10787200927734
113.4335708618164
101.68325805664062
103.92496490478516
105.03001403808594
94.0765151977539
94.90049743652344
98.79037475585938
94.033935546875
110.47675323486328
94.31309509277344
97.1468505859375
95.81787872314453
94.98741912841797
95.10527801513672
94.97837829589844
93.05252075195312
94.11000061035156
91.74508666992188
101.02507019042969
93.93805694580078
97.56917572021484
95.25741577148438
103.29194641113281
93.32048034667969
96.25491333007812
95.41218566894531
96.95126342773438
106.03103637695312
100.71266174316406
94.55659484863281
99.1502685546875
93.49560546875
93.78541564941406
95.22314453125
98.81954956054688
98.66432189941406
93.10581970214844
103.2707748413086
97.00242614746094
94.18975830078125
93.99215698242188
112.70781707763672
94.75526428222656
94.63394165039062
93.17232513427734
109.6888656616211
93.81852722167969
97.58767700195312
100.567626953125
95.60242462158203
92.9604721069336
95.45100402832031
96.76911926269531
93.25944519042969
92.24594116210938
93.34736633300781
91.34321594238281
93.62479400634766
102.14271545410156
93.8722915649414
91.9639663696289
97.21963500976562
93.70884704589844
94.06114196777344
94.9133071899414
91.69768524169922
95.39495849609375
