200.25563049316406
146.96841430664062
118.69620513916016
128.14622497558594
122.19711303710938
118.78083038330078
127.92279052734375
126.6844482421875
116.0495376586914
129.00454711914062
117.0584716796875
113.22863006591797
111.54306030273438
112.2087173461914
122.8101806640625
114.79281616210938
112.39175415039062
114.27643585205078
130.46624755859375
112.25285339355469
110.33895874023438
112.75455474853516
113.40874481201172
111.80961608886719
119.26217651367188
122.63556671142578
112.48053741455078
115.64756774902344
113.12178039550781
112.90625762939453
112.63134002685547
108.53819274902344
119.380126953125
111.56160736083984
110.02540588378906
108.82374572753906
111.54463958740234
107.25973510742188
110.12903594970703
112.16867065429688
120.2440414428711
109.53633117675781
109.09243774414062
111.7141342163086
120.05300903320312
107.35456085205078
111.10992431640625
110.26837158203125
111.18022918701172
118.46629333496094
110.36273193359375
108.87733459472656
110.37081909179688
113.19761657714844
109.74085998535156
109.72454071044922
105.5604248046875
119.66556549072266
119.72940826416016
115.77128601074219
117.71234130859375
112.41541290283203
110.96073913574219
115.31900024414062
109.81190490722656
107.23743438720703
109.15775299072266
110.84866333007812
110.59184265136719
108.71730041503906
109.0212631225586
113.12999725341797
122.2590560913086
115.04398345947266
109.65319061279297
110.13468170166016
110.22407531738281
131.03805541992188
111.37061309814453
110.22483825683594
109.93399810791016
122.85552978515625
108.6148910522461
123.39073181152344
111.97698974609375
107.19776153564453
108.63658142089844
114.90406036376953
108.08964538574219
107.5910873413086
110.47645568847656
108.8992919921875
105.5520248413086
110.43213653564453
105.98442840576172
112.52442169189453
128.43553161621094
109.35044860839844
113.14875793457031
125.20187377929688
