200.6785888671875
143.3560333251953
113.60301971435547
126.73251342773438
112.35275268554688
115.73989868164062
145.11415100097656
125.87844848632812
121.23472595214844
123.89132690429688
122.51104736328125
110.28910827636719
122.45665740966797
127.47615051269531
108.94963073730469
116.76441955566406
117.643798828125
108.20246887207031
111.86075592041016
121.84336853027344
111.13053894042969
110.66078186035156
107.90656280517578
106.63679504394531
105.65052032470703
104.80110931396484
101.92256927490234
112.30030059814453
101.02210235595703
103.49995422363281
103.56056213378906
103.95834350585938
104.40814208984375
116.06443786621094
101.74391174316406
103.51252746582031
109.95416259765625
102.36774444580078
101.85047912597656
102.87748718261719
111.66829681396484
119.34100341796875
119.62213134765625
101.05687713623047
108.69735717773438
113.40017700195312
102.30115509033203
102.3065185546875
104.58751678466797
107.79383850097656
108.06520080566406
102.3929214477539
100.66514587402344
106.1426773071289
105.23858642578125
101.11744689941406
140.82948303222656
121.29561614990234
119.5713119506836
111.44275665283203
172.48361206054688
120.96601867675781
120.8351058959961
117.06805419921875
107.86614227294922
106.04609680175781
117.14755249023438
111.52277374267578
106.82286071777344
112.31353759765625
109.10576629638672
107.90019226074219
107.12234497070312
119.50554656982422
109.35921478271484
110.14786529541016
109.80802917480469
107.10350799560547
112.60514068603516
109.0794448852539
106.3272705078125
120.84378051757812
108.71987915039062
107.6458740234375
109.71047973632812
109.13145446777344
121.6147232055664
115.02912139892578
105.60254669189453
113.56273651123047
110.01046752929688
114.99102783203125
109.6299819946289
108.44537353515625
110.47328186035156
105.70639038085938
110.37213897705078
109.11027526855469
106.60018157958984
108.59268951416016
