199.24600219726562
137.69134521484375
139.47454833984375
121.7583999633789
138.5709991455078
120.42317199707031
120.69893646240234
121.34500885009766
145.9472198486328
119.45093536376953
115.1681137084961
134.40994262695312
123.77359008789062
124.69978332519531
117.28852081298828
119.77117156982422
125.61750030517578
123.95331573486328
109.82038116455078
110.56089782714844
123.90666198730469
123.71170806884766
117.76944732666016
116.33373260498047
109.74850463867188
111.28515625
125.62914276123047
129.4156494140625
120.08441925048828
115.4975814819336
112.81846618652344
110.37071228027344
126.09402465820312
121.59207916259766
113.22380828857422
130.55703735351562
113.35613250732422
128.26902770996094
111.11256408691406
117.48587036132812
116.66040802001953
114.28750610351562
122.30580139160156
120.36052703857422
117.82389831542969
111.02923583984375
111.29452514648438
118.14047241210938
129.65985107421875
116.3187255859375
112.00690460205078
122.15397644042969
117.68064880371094
113.83849334716797
122.70782470703125
116.28080749511719
127.81008911132812
121.28705596923828
112.53759765625
117.24273681640625
113.97427368164062
117.69937133789062
118.48927307128906
120.518798828125
113.69735717773438
110.4632568359375
112.6513671875
123.01286315917969
118.23680877685547
119.61002349853516
111.53070831298828
116.61066436767578
142.87655639648438
117.73706817626953
125.16424560546875
117.91573333740234
119.8018569946289
112.21331024169922
112.24661254882812
113.26919555664062
131.39239501953125
131.2323455810547
114.52166748046875
118.99366760253906
129.05540466308594
124.94461059570312
125.70105743408203
110.45804595947266
114.89823913574219
130.79568481445312
109.76628875732422
119.2002944946289
115.75372314453125
123.61194610595703
117.94949340820312
113.34563446044922
109.93893432617188
123.01469421386719
111.92208862304688
109.61540222167969
