200.70565795898438
151.55117797851562
148.14390563964844
177.78660583496094
113.59405517578125
124.62361145019531
113.64839172363281
131.29043579101562
115.93289947509766
112.49172973632812
120.4192886352539
106.42742919921875
114.61845397949219
111.81605529785156
108.7162094116211
135.4346160888672
116.02615356445312
115.15739440917969
114.81336212158203
110.40859985351562
147.0248565673828
101.1812744140625
116.48402404785156
100.93586730957031
133.16690063476562
107.39846801757812
103.92716979980469
106.56706237792969
117.08949279785156
113.74742126464844
101.73429870605469
119.72264099121094
123.52483367919922
111.64306640625
104.80081939697266
107.21878051757812
107.77301788330078
101.56275177001953
104.63478088378906
111.61268615722656
105.95335388183594
108.57113647460938
101.32685852050781
123.82573699951172
115.8728256225586
124.68173217773438
122.09896850585938
99.4828109741211
115.6237564086914
102.54962158203125
103.88501739501953
100.91798400878906
108.6049575805664
100.20861053466797
106.26593780517578
98.78085327148438
101.53553771972656
119.66067504882812
105.8936767578125
108.57781982421875
111.42630767822266
103.76386260986328
110.63626098632812
116.27404022216797
111.69722747802734
106.79003143310547
121.44277954101562
108.0441665649414
101.82698059082031
100.75149536132812
106.58749389648438
103.80489349365234
98.77139282226562
105.44245910644531
101.0224838256836
110.08594512939453
108.36811828613281
102.84727478027344
112.87608337402344
108.01179504394531
112.10215759277344
101.4295425415039
104.2336196899414
98.24590301513672
109.49046325683594
99.38640594482422
101.54911041259766
99.73306274414062
110.63056182861328
110.72976684570312
97.29666137695312
110.63597106933594
125.62565612792969
103.83988952636719
96.8198471069336
109.59400939941406
117.92350006103516
108.80339813232422
105.34395599365234
98.44202423095703
