200.47177124023438
135.2736358642578
127.50708770751953
117.14636993408203
121.20832824707031
109.13157653808594
114.08747863769531
107.07202911376953
113.82493591308594
119.98163604736328
110.6084976196289
110.81092834472656
111.46617126464844
103.63343048095703
120.53244018554688
116.82438659667969
108.20431518554688
113.4532241821289
109.07456970214844
106.43646240234375
105.77347564697266
112.05928802490234
121.04634094238281
107.54012298583984
104.12154388427734
100.69175720214844
117.97457122802734
103.98690032958984
99.71757507324219
106.19641876220703
107.00479125976562
103.31375122070312
108.9989013671875
100.29359436035156
101.98727416992188
107.8324966430664
111.71587371826172
101.48693084716797
98.52620697021484
106.40824127197266
104.38578033447266
108.46272277832031
103.4280776977539
105.4963607788086
111.24305725097656
97.32257843017578
103.14561462402344
105.90855407714844
98.20309448242188
103.06764221191406
104.2486801147461
115.81034088134766
99.11821746826172
103.67066192626953
99.6606216430664
101.27416229248047
102.31909942626953
98.53193664550781
106.44984436035156
105.82333374023438
101.63723754882812
99.95840454101562
103.60047149658203
100.29512023925781
99.72042846679688
106.91041564941406
114.80604553222656
113.30628204345703
98.823486328125
99.99150085449219
98.78805541992188
103.50504302978516
103.36112976074219
102.082763671875
98.78012084960938
115.9081039428711
116.14111328125
103.4736099243164
109.25531768798828
103.17310333251953
95.72360229492188
100.34493255615234
96.90774536132812
98.61408233642578
102.41154479980469
123.49820709228516
110.0461654663086
116.32176971435547
99.95305633544922
107.0469970703125
105.93988800048828
127.5887451171875
98.23977661132812
97.18695831298828
96.97787475585938
98.23615264892578
98.70763397216797
99.79261016845703
99.33086395263672
98.19270324707031
