199.05191040039062
125.48493194580078
135.19033813476562
117.54149627685547
121.16030883789062
117.51044464111328
118.9732437133789
110.38792419433594
111.16378784179688
100.89795684814453
105.29900360107422
108.69002532958984
105.34312438964844
120.72372436523438
110.63833618164062
96.3066635131836
111.00098419189453
92.38336181640625
93.13632202148438
103.7742691040039
105.58894348144531
117.83905792236328
95.36922454833984
94.78070068359375
107.55474853515625
93.84444427490234
92.96782684326172
100.14723205566406
96.22246551513672
100.35850524902344
100.55331420898438
110.9677734375
105.04981231689453
94.99451446533203
91.31256103515625
103.9139633178711
111.4814453125
100.3557357788086
96.13925170898438
109.28968811035156
93.07952117919922
109.60250091552734
93.28707885742188
91.95051574707031
98.89566802978516
126.5010986328125
96.93270111083984
97.43710327148438
93.56473541259766
92.2833480834961
102.05611419677734
93.796142578125
100.61709594726562
97.04430389404297
101.89364624023438
93.70655059814453
95.19620513916016
100.06207275390625
90.19184875488281
109.55302429199219
90.186279296875
92.79953002929688
100.23985290527344
108.32362365722656
100.8398208618164
102.72975158691406
91.44571685791016
89.68527221679688
96.77570343017578
122.7567367553711
91.39165496826172
123.469482421875
98.5374526977539
111.53575897216797
87.61666107177734
99.66394805908203
109.16270446777344
91.54782104492188
99.6364517211914
108.29635620117188
88.85875701904297
89.02769470214844
95.50929260253906
92.5091552734375
100.9919662475586
93.32918548583984
99.97331237792969
101.35810089111328
87.83969116210938
103.41328430175781
108.81570434570312
87.45980834960938
102.00743103027344
91.45220947265625
95.13847351074219
91.3091049194336
110.1177749633789
91.3035888671875
93.3769302368164
87.43081665039062
