198.90902709960938
144.9417266845703
123.0098876953125
101.32966613769531
115.41346740722656
106.76459503173828
110.09906005859375
102.2526626586914
115.62464904785156
106.06503295898438
98.45277404785156
107.76868438720703
93.17166137695312
94.3585433959961
93.33238220214844
87.86714172363281
97.23310852050781
106.85404968261719
108.02275085449219
93.11180877685547
91.79059600830078
96.555419921875
93.94304656982422
100.26589965820312
101.75504302978516
99.86983489990234
90.03964233398438
94.35759735107422
96.62279510498047
98.0118179321289
104.74723815917969
106.29145050048828
89.76066589355469
94.42398071289062
94.59494018554688
91.020751953125
103.87095642089844
101.04794311523438
90.59921264648438
83.56098937988281
99.24864959716797
84.66950225830078
90.6783447265625
94.14335632324219
87.70384979248047
88.9367446899414
97.647705078125
90.95980072021484
96.67802429199219
107.94406127929688
84.09109497070312
89.7908706665039
86.71711730957031
86.84591674804688
91.29231262207031
87.96324157714844
88.15428161621094
86.71529388427734
86.53549194335938
91.23173522949219
109.35337829589844
82.8329086303711
89.46803283691406
87.61282348632812
86.88017272949219
85.20704650878906
87.74943542480469
85.40057373046875
82.52310180664062
81.64195251464844
94.42945861816406
85.38639831542969
85.45968627929688
108.8831787109375
86.85517883300781
94.05806732177734
109.93431091308594
114.54902648925781
85.41038513183594
91.39988708496094
82.32826232910156
94.07189178466797
83.76800537109375
84.28599548339844
99.58172607421875
86.0674057006836
86.93049621582031
85.85050964355469
99.04356384277344
97.37202453613281
89.43291473388672
110.14501190185547
120.0592269897461
89.08810424804688
103.73106384277344
84.30670166015625
92.10877990722656
82.96259307861328
81.91233825683594
100.29418182373047
