201.90016174316406
114.08283996582031
109.9009017944336
103.73988342285156
112.55853271484375
101.4402084350586
112.79625701904297
109.34309387207031
100.55780792236328
93.93817138671875
97.04965209960938
115.88777160644531
90.99518585205078
93.89401245117188
89.62364196777344
96.43219757080078
87.70792388916016
87.51390838623047
101.08049774169922
105.35275268554688
109.2518310546875
108.71282196044922
90.99138641357422
84.79132843017578
111.11116027832031
85.55355834960938
87.31776428222656
86.21697235107422
84.22091674804688
88.24948120117188
84.60231018066406
94.37997436523438
85.9536361694336
85.33155059814453
89.94598388671875
95.50919342041016
85.60450744628906
85.34130859375
86.24901580810547
92.92565155029297
88.4035873413086
86.49335479736328
84.34874725341797
89.8924560546875
84.8521957397461
84.66815185546875
88.3294906616211
109.96867370605469
83.13616180419922
92.52682495117188
84.46923828125
85.8931884765625
96.00263977050781
95.46699523925781
94.24292755126953
80.9312515258789
84.00691223144531
114.81390380859375
100.77496337890625
84.03724670410156
83.42774200439453
87.76407623291016
85.09833526611328
99.7236328125
82.03411865234375
82.06502532958984
103.13883972167969
84.72793579101562
93.37682342529297
81.5201187133789
82.69317626953125
83.29450225830078
85.82847595214844
89.36224365234375
82.600341796875
82.6107406616211
83.4114990234375
82.69277954101562
81.16703033447266
84.14690399169922
81.40867614746094
82.49295043945312
84.72866821289062
82.71048736572266
82.21450805664062
81.83319854736328
107.5971908569336
84.97129821777344
82.155029296875
85.30533599853516
89.97897338867188
82.33564758300781
82.43136596679688
123.57192993164062
82.43252563476562
86.94874572753906
95.45806884765625
82.58940887451172
82.07567596435547
81.48355102539062
