199.60203552246094
124.78582000732422
104.80652618408203
102.72221374511719
97.90706634521484
97.66101837158203
96.13074493408203
96.42757415771484
95.4655990600586
100.17178344726562
95.11064910888672
91.44151306152344
93.68533325195312
100.17262268066406
99.10710906982422
94.72894287109375
99.62347412109375
95.19322204589844
91.4254379272461
98.78759002685547
92.71056365966797
93.15138244628906
90.07266235351562
94.00250244140625
91.48014831542969
93.21464538574219
93.9592514038086
84.39655303955078
86.96017456054688
89.8069839477539
86.22152709960938
86.14778137207031
94.39414978027344
95.99813842773438
89.14373779296875
87.25738525390625
84.5928955078125
86.00633239746094
88.28828430175781
90.68961334228516
86.16757202148438
84.64991760253906
87.24050903320312
90.25869750976562
90.5565185546875
90.61074829101562
90.6025619506836
88.10504150390625
90.92301177978516
88.49256134033203
82.0294418334961
89.03846740722656
93.6166000366211
81.99244689941406
85.52035522460938
89.19709014892578
94.88523864746094
92.45999145507812
85.61461639404297
83.16093444824219
84.37035369873047
94.92713928222656
92.0086669921875
83.3550033569336
101.81355285644531
88.14488220214844
95.02454376220703
85.47403717041016
83.65095520019531
91.56401824951172
82.84603118896484
86.34832000732422
92.15367126464844
87.88117980957031
84.1720199584961
83.47320556640625
88.87176513671875
90.95915985107422
89.86842346191406
85.04113006591797
94.54313659667969
82.87782287597656
89.74422454833984
87.57847595214844
96.18356323242188
102.95541381835938
88.23139190673828
91.23907470703125
84.79286193847656
92.30604553222656
85.42189025878906
87.292236328125
89.55950164794922
84.33576965332031
84.73896789550781
90.4560317993164
82.02876281738281
94.86808776855469
92.87960815429688
83.63774871826172
