198.87033081054688
132.515625
129.37869262695312
116.82569885253906
132.52853393554688
99.2597427368164
113.21226501464844
99.38372039794922
131.32191467285156
91.68919372558594
92.34506225585938
105.32868957519531
103.92350769042969
107.63993835449219
102.52449035644531
97.92803192138672
93.17955780029297
95.36363220214844
92.23222351074219
117.26036834716797
102.55659484863281
101.1637954711914
101.30640411376953
107.83946228027344
127.20037841796875
106.9013900756836
115.8427734375
120.48152160644531
97.9373779296875
114.87879180908203
120.69759368896484
106.69386291503906
125.7634048461914
94.33584594726562
95.72611999511719
108.11433410644531
134.50877380371094
94.22999572753906
102.18984985351562
98.73942565917969
97.36133575439453
109.89944458007812
104.02091979980469
101.58399200439453
92.61155700683594
90.36859130859375
108.44380950927734
98.07823181152344
113.92818450927734
110.33943176269531
116.51233673095703
98.66744995117188
107.53553009033203
119.06257629394531
114.4293212890625
127.08150482177734
93.68917846679688
109.88790130615234
98.27188873291016
90.50517272949219
102.94598388671875
91.30060577392578
116.99283599853516
92.07876586914062
100.94581604003906
121.16064453125
93.65696716308594
116.01556396484375
93.91316223144531
103.98783874511719
89.87910461425781
124.75692749023438
96.8504867553711
118.11119842529297
119.025146484375
116.494873046875
98.16230010986328
102.2232666015625
106.82345581054688
99.21736145019531
100.7640609741211
89.62271118164062
95.94639587402344
107.84100341796875
98.33013916015625
108.93167114257812
105.95152282714844
140.6046600341797
88.52005767822266
120.85564422607422
113.64722442626953
100.73933410644531
101.60682678222656
100.42668914794922
104.37467956542969
94.44158935546875
95.76622009277344
116.4599380493164
91.7842788696289
115.550537109375
