198.665283203125
113.7382583618164
97.85621643066406
85.37310791015625
81.48702239990234
79.78207397460938
91.61853790283203
76.97010040283203
76.34904479980469
79.84764099121094
74.76130676269531
74.86727142333984
86.9463119506836
75.99214172363281
73.14935302734375
72.61058044433594
80.09932708740234
72.53871154785156
76.1452407836914
76.52740478515625
73.09990692138672
74.79914855957031
79.23652648925781
72.5896987915039
90.40440368652344
71.81062316894531
72.84935760498047
71.74978637695312
70.76656341552734
72.60594940185547
74.0580825805664
70.4399642944336
75.75250244140625
73.91455078125
71.70997619628906
69.17496490478516
69.48371124267578
72.74612426757812
69.65650177001953
75.67952728271484
75.80435180664062
69.97920989990234
71.94107055664062
70.84298706054688
74.3792724609375
73.57642364501953
71.44029235839844
73.45610046386719
68.76809692382812
75.46297454833984
73.49234008789062
72.0395736694336
75.37466430664062
71.92668151855469
73.35070037841797
76.5168685913086
80.85563659667969
69.22410583496094
68.43849182128906
70.85047912597656
69.83317565917969
68.13152313232422
68.23078918457031
69.17047119140625
77.67929077148438
68.17842102050781
67.96057891845703
68.07176971435547
96.5003662109375
72.32772064208984
69.88178253173828
70.19512939453125
84.19581604003906
71.70230102539062
67.84400939941406
72.50857543945312
102.58965301513672
73.08150482177734
69.06863403320312
70.38806915283203
67.01798248291016
86.3981704711914
69.64895629882812
69.0706787109375
68.87405395507812
73.98233032226562
76.59407043457031
69.92022705078125
78.81687927246094
71.65782165527344
72.85430908203125
74.98503875732422
75.30186462402344
70.59312438964844
69.84989166259766
69.66656494140625
69.53089141845703
74.02719116210938
77.11455535888672
67.94036865234375
