206.65618896484375
109.96395111083984
103.09304809570312
103.71754455566406
112.16693878173828
88.266357421875
86.60246276855469
84.21710205078125
82.3154296875
88.39752197265625
90.58724975585938
82.10196685791016
82.32510375976562
82.03722381591797
79.1351547241211
81.4710464477539
81.39737701416016
88.64739227294922
78.82188415527344
77.57069396972656
77.59967041015625
80.86227416992188
79.00519561767578
76.99774932861328
79.57916259765625
79.59832763671875
90.79283142089844
81.99330139160156
79.63253784179688
79.60905456542969
79.18155670166016
85.61824035644531
81.8896255493164
92.96179962158203
80.86554718017578
82.50865936279297
80.84459686279297
79.12162780761719
78.78517150878906
80.99707794189453
82.82449340820312
78.51107788085938
78.55619812011719
78.38639831542969
78.57803344726562
78.15811157226562
80.97962188720703
78.31086730957031
80.07524871826172
80.1916732788086
78.23270416259766
83.13819885253906
78.20707702636719
78.2235107421875
78.08744812011719
78.29303741455078
81.88582611083984
77.40231323242188
78.22216796875
78.73599243164062
78.01092529296875
91.56787872314453
77.87110900878906
78.33082580566406
78.06321716308594
78.28630065917969
77.80496978759766
78.19367218017578
78.02242279052734
78.15885925292969
78.13607025146484
77.90876770019531
78.82102966308594
90.57189178466797
77.75659942626953
77.99987030029297
77.74542999267578
77.8642578125
77.67607116699219
97.4631118774414
78.00801849365234
77.81446075439453
77.5726547241211
77.88196563720703
77.59591674804688
77.62838745117188
77.82344055175781
77.58206176757812
77.42327880859375
77.34712219238281
77.4252700805664
83.21442413330078
83.84133911132812
77.3968505859375
83.28041076660156
89.6444320678711
82.81977081298828
94.38461303710938
84.79127502441406
90.7001953125
