197.99649047851562
114.05799102783203
98.90676879882812
83.69924926757812
78.96240997314453
81.17505645751953
80.55911254882812
72.67561340332031
72.86904907226562
71.58074951171875
80.27609252929688
88.69184875488281
69.99722290039062
69.6207275390625
68.50948333740234
68.81742858886719
68.9933853149414
77.4124984741211
68.72688293457031
67.67451477050781
67.37916564941406
67.28009796142578
67.01885223388672
67.73450469970703
66.59080505371094
66.3017807006836
66.232177734375
75.88255310058594
65.302001953125
75.32210540771484
69.10585021972656
64.81996154785156
64.32996368408203
72.60956573486328
66.14006805419922
74.18452453613281
69.63082122802734
78.52997589111328
67.494873046875
64.35533142089844
67.7776107788086
65.4564437866211
67.04143524169922
65.02246856689453
77.55282592773438
68.83101654052734
79.897705078125
63.562713623046875
64.21694946289062
63.424949645996094
64.13554382324219
64.56388854980469
63.70379638671875
63.667449951171875
63.433258056640625
63.314964294433594
68.75946044921875
86.69014739990234
63.66553497314453
62.953773498535156
68.211181640625
67.79678344726562
64.67925262451172
64.62712097167969
68.60850524902344
67.16099548339844
80.32521057128906
64.74606323242188
63.91080856323242
66.0795669555664
78.4981918334961
64.03459167480469
63.79195785522461
64.06848907470703
64.73916625976562
64.71171569824219
64.24722290039062
64.74990844726562
64.3438720703125
63.44179153442383
81.17758178710938
77.46978759765625
64.19242858886719
83.29712677001953
66.65475463867188
63.63209915161133
67.1878662109375
63.97940444946289
65.05683898925781
63.715213775634766
64.06143951416016
64.70869445800781
64.71961212158203
64.43978881835938
66.2792739868164
63.19818115234375
63.75663757324219
64.04005432128906
63.887325286865234
63.381446838378906
