199.96234130859375
110.88227081298828
107.69894409179688
102.58122253417969
85.40145874023438
104.84173583984375
69.25212860107422
67.73561096191406
74.1307601928711
68.17603302001953
81.49560546875
66.78564453125
66.16339874267578
60.02043914794922
78.59357452392578
59.80609893798828
84.62721252441406
71.73987579345703
65.90921783447266
62.796302795410156
61.279151916503906
61.32341766357422
62.92852783203125
58.95856475830078
65.53254699707031
76.5949478149414
58.27594757080078
82.1170883178711
57.43492126464844
58.311668395996094
56.33290100097656
56.13004684448242
57.78292465209961
61.40700912475586
58.913063049316406
60.43950271606445
76.24240112304688
66.076904296875
56.851402282714844
56.15339279174805
65.89659881591797
58.301719665527344
56.82722854614258
55.82160186767578
58.63533401489258
55.36531066894531
56.53073501586914
58.30081558227539
55.30619430541992
62.333160400390625
55.395416259765625
54.93821334838867
55.43492889404297
54.58885192871094
56.32124328613281
56.21158981323242
56.59063720703125
54.64496994018555
54.86827850341797
54.768707275390625
54.40270233154297
54.31721115112305
55.26665115356445
60.16673278808594
54.220985412597656
55.67195129394531
54.27803421020508
55.07339859008789
54.20602798461914
55.20476150512695
54.18598937988281
54.95283126831055
53.75934600830078
53.83594512939453
53.905704498291016
54.565860748291016
53.7913818359375
54.71546173095703
54.580875396728516
53.502174377441406
58.791419982910156
54.5731201171875
60.79230880737305
53.534759521484375
53.982486724853516
57.381378173828125
54.757991790771484
53.570167541503906
60.50929260253906
55.051143646240234
60.994327545166016
53.971946716308594
53.762062072753906
54.28071594238281
54.678260803222656
53.917083740234375
63.71258544921875
54.433387756347656
54.030982971191406
62.61534881591797
