198.13861083984375
122.4246597290039
125.95170593261719
110.30760955810547
99.54229736328125
98.33634185791016
91.4646224975586
85.11100006103516
88.84857177734375
88.91635131835938
80.91551208496094
93.10852813720703
88.61457824707031
80.2406005859375
84.11691284179688
79.4222412109375
84.90668487548828
76.36180877685547
76.79051208496094
93.0078353881836
76.79147338867188
79.24333953857422
74.69196319580078
79.93603515625
88.47271728515625
73.24887084960938
73.41606140136719
73.59567260742188
72.23914337158203
75.52848815917969
69.07919311523438
86.0596923828125
72.70620727539062
79.67558288574219
79.8030014038086
72.90772247314453
80.26177978515625
71.11849975585938
70.9520263671875
71.41383361816406
71.90314483642578
76.11852264404297
72.31723022460938
73.73252868652344
72.06719970703125
80.7627182006836
69.11626434326172
70.51921081542969
72.06009674072266
71.46033477783203
74.5869140625
69.28628540039062
71.03572845458984
69.03749084472656
74.36463928222656
70.63790893554688
73.98367309570312
74.5493392944336
69.76763153076172
68.98912048339844
68.74653625488281
75.02664947509766
75.77320098876953
69.27705383300781
74.18605041503906
72.74312591552734
94.59461975097656
82.21886444091797
74.69219970703125
70.00523376464844
76.07054901123047
76.84794616699219
69.76085662841797
73.78718566894531
71.0068588256836
98.8077621459961
79.9646224975586
69.41676330566406
69.76771545410156
70.83037567138672
77.30552673339844
71.68170166015625
72.25860595703125
76.78579711914062
71.1396713256836
72.0938720703125
70.49838256835938
82.48765563964844
70.36540985107422
83.49791717529297
70.22669982910156
88.51458740234375
74.56636047363281
69.00121307373047
70.0665512084961
79.81328582763672
69.05767822265625
77.4471435546875
70.4114990234375
70.54115295410156
