207.06643676757812
181.18222045898438
166.02452087402344
165.29901123046875
164.84092712402344
164.52565002441406
164.2864532470703
164.08773803710938
163.9090118408203
163.73240661621094
163.52462768554688
163.30906677246094
163.14796447753906
163.0286102294922
162.9742431640625
163.6185760498047
163.19947814941406
160.1593017578125
162.16488647460938
159.25823974609375
176.03384399414062
165.22259521484375
162.13189697265625
167.33766174316406
159.40219116210938
178.2239990234375
169.42420959472656
161.50631713867188
162.7004852294922
159.26744079589844
160.8666229248047
161.37803649902344
160.78904724121094
159.07476806640625
160.4405517578125
161.1281280517578
175.01487731933594
168.97207641601562
159.27294921875
160.20285034179688
168.14024353027344
170.56802368164062
165.00538635253906
159.15008544921875
160.56210327148438
162.24984741210938
159.55226135253906
183.419677734375
162.4742889404297
160.78414916992188
163.4015655517578
158.99139404296875
160.7234344482422
161.00389099121094
158.69229125976562
159.07357788085938
164.04241943359375
159.09854125976562
158.67608642578125
167.90802001953125
169.87522888183594
179.99755859375
159.03573608398438
168.99229431152344
160.92562866210938
165.27362060546875
185.08145141601562
170.6559295654297
184.3551025390625
160.47357177734375
169.94017028808594
158.80467224121094
158.45147705078125
160.11448669433594
161.41653442382812
161.48910522460938
159.82984924316406
158.21627807617188
159.28977966308594
160.54486083984375
161.39178466796875
160.32276916503906
187.4926300048828
160.32106018066406
184.83750915527344
169.56341552734375
163.447021484375
158.85690307617188
164.13046264648438
158.7765655517578
160.85154724121094
159.2574462890625
159.10336303710938
161.62681579589844
164.02354431152344
160.37799072265625
166.77821350097656
159.37770080566406
161.88369750976562
172.2672576904297
