204.00054931640625
167.64077758789062
166.5589141845703
165.97984313964844
165.4853057861328
165.0706787109375
164.78829956054688
164.58648681640625
164.44393920898438
164.34884643554688
164.3011474609375
164.78591918945312
164.05690002441406
168.8507843017578
168.84988403320312
163.9226837158203
161.9886474609375
164.73117065429688
164.19981384277344
169.55252075195312
162.6048126220703
167.0678253173828
163.74502563476562
163.1326904296875
163.5855712890625
166.29940795898438
162.01748657226562
182.0798797607422
161.32081604003906
163.8818359375
164.0133819580078
163.53741455078125
167.22348022460938
184.51837158203125
166.118408203125
180.7056427001953
163.4635467529297
163.33331298828125
166.54942321777344
164.00906372070312
167.0931396484375
162.17193603515625
167.97726440429688
184.82176208496094
162.48910522460938
162.7882080078125
169.92726135253906
164.18850708007812
164.31866455078125
174.16506958007812
162.63705444335938
162.7020263671875
162.69239807128906
166.4977569580078
165.6001434326172
163.174072265625
166.05230712890625
163.1181182861328
161.85362243652344
166.9000701904297
163.9409637451172
169.53408813476562
160.39283752441406
164.8436737060547
166.8911895751953
163.48065185546875
160.35418701171875
165.8938446044922
177.89938354492188
161.2355194091797
161.98306274414062
160.16957092285156
172.51795959472656
162.5894775390625
168.09506225585938
162.3863525390625
164.0183868408203
162.88494873046875
184.2291717529297
160.43067932128906
163.6815643310547
164.5463104248047
163.91539001464844
162.8146209716797
177.73497009277344
167.20330810546875
181.9671630859375
159.84237670898438
182.45338439941406
161.76199340820312
185.9165802001953
163.50071716308594
171.21522521972656
167.7628936767578
162.1758575439453
181.99847412109375
162.98316955566406
165.9700927734375
164.5377197265625
163.6746063232422
