203.31297302246094
166.34783935546875
165.8999786376953
165.22731018066406
164.79412841796875
164.49159240722656
164.25877380371094
164.06297302246094
163.88504028320312
163.70587158203125
163.4916229248047
163.27993774414062
163.1261749267578
163.01023864746094
162.98019409179688
161.26751708984375
163.07327270507812
160.7615203857422
162.75433349609375
164.3907012939453
193.56475830078125
165.5482177734375
161.8280029296875
162.31954956054688
163.34413146972656
161.93490600585938
166.67198181152344
169.8682098388672
159.69692993164062
159.9954376220703
159.67555236816406
162.20867919921875
162.9460906982422
159.76763916015625
159.57672119140625
171.4629364013672
159.12820434570312
173.9339599609375
159.0386962890625
159.69735717773438
164.9307861328125
159.91661071777344
164.49441528320312
161.47161865234375
160.2703857421875
158.72549438476562
163.34335327148438
172.54757690429688
158.7034149169922
159.6973419189453
159.26206970214844
161.70208740234375
167.24559020996094
161.29534912109375
165.66058349609375
160.00096130371094
160.67633056640625
160.92140197753906
159.78875732421875
161.70550537109375
161.67420959472656
168.6011962890625
163.2353515625
161.07196044921875
159.12811279296875
158.80917358398438
166.37969970703125
162.6690673828125
158.99478149414062
160.81381225585938
159.06039428710938
160.73773193359375
158.41305541992188
158.88009643554688
158.54383850097656
160.68016052246094
162.58551025390625
183.9095916748047
159.38320922851562
158.9778594970703
160.51406860351562
164.64622497558594
159.6963348388672
161.54934692382812
165.54391479492188
158.81446838378906
159.11849975585938
158.64224243164062
172.51202392578125
166.47262573242188
158.66893005371094
160.0953826904297
158.78799438476562
159.88424682617188
158.88172912597656
158.78128051757812
163.9163818359375
176.11685180664062
160.4103240966797
159.69960021972656
