200.75857543945312
175.02247619628906
165.93637084960938
165.25592041015625
164.81393432617188
164.50625610351562
164.2707061767578
164.07357788085938
163.89529418945312
163.7172088623047
163.50540161132812
163.29180908203125
163.0966339111328
162.88815307617188
162.64315795898438
162.46630859375
162.41941833496094
162.9577178955078
164.48782348632812
176.8182373046875
164.02786254882812
167.2722930908203
161.55784606933594
165.59628295898438
159.50698852539062
169.5355224609375
163.1055908203125
160.92135620117188
160.5701904296875
160.91575622558594
161.86700439453125
160.501708984375
159.58843994140625
173.768310546875
163.13650512695312
163.72695922851562
164.66241455078125
161.91331481933594
160.83644104003906
163.50685119628906
166.90171813964844
162.04156494140625
160.5823211669922
162.08628845214844
160.12948608398438
161.011474609375
160.8142547607422
165.8374481201172
163.54672241210938
161.92263793945312
160.41416931152344
164.64199829101562
161.8643035888672
160.3098907470703
159.1226043701172
158.76344299316406
160.72085571289062
161.38284301757812
161.15353393554688
160.2449493408203
160.94134521484375
159.75282287597656
170.05361938476562
158.8220672607422
160.53836059570312
160.8084259033203
158.70225524902344
159.64572143554688
166.8419647216797
158.6898956298828
162.21958923339844
159.0540008544922
170.7166748046875
160.11248779296875
166.595703125
167.76834106445312
158.97315979003906
158.51690673828125
172.93878173828125
158.6090545654297
160.61514282226562
162.54531860351562
163.60133361816406
161.83486938476562
159.35580444335938
163.14199829101562
159.75755310058594
173.98361206054688
181.12550354003906
158.68690490722656
167.53720092773438
160.08839416503906
166.34976196289062
168.21315002441406
182.46484375
159.08718872070312
167.41818237304688
161.64906311035156
159.2019500732422
162.5507049560547
