215.72738647460938
169.52784729003906
164.7696990966797
168.13694763183594
174.68948364257812
175.46658325195312
169.56680297851562
169.7220916748047
169.43948364257812
168.8370361328125
168.78465270996094
171.1132354736328
168.15988159179688
168.59808349609375
168.21827697753906
168.28060913085938
168.4547576904297
168.45169067382812
168.40257263183594
168.34913635253906
168.29425048828125
168.23814392089844
168.1816864013672
168.12643432617188
168.0735626220703
168.02392578125
167.97796630859375
167.93600463867188
167.89772033691406
167.86297607421875
167.8309783935547
170.63587951660156
161.38499450683594
163.12237548828125
159.7800750732422
168.13189697265625
163.5296630859375
161.67506408691406
160.74684143066406
159.38772583007812
184.60772705078125
160.46456909179688
163.1675262451172
159.8956298828125
187.33111572265625
166.28302001953125
161.58692932128906
180.44580078125
159.78207397460938
168.74114990234375
161.25038146972656
159.57681274414062
159.96719360351562
163.0369415283203
161.73995971679688
161.6244354248047
162.87460327148438
165.15823364257812
159.86795043945312
159.46267700195312
161.41595458984375
175.907470703125
158.91041564941406
175.53289794921875
164.99533081054688
172.11697387695312
163.40013122558594
160.68679809570312
160.44247436523438
160.90090942382812
159.8498992919922
167.905517578125
163.7932891845703
162.53794860839844
162.35662841796875
159.55160522460938
160.73300170898438
180.7122802734375
159.12484741210938
162.697998046875
159.14022827148438
162.7720947265625
164.72451782226562
160.2989959716797
159.86154174804688
159.80580139160156
161.03048706054688
165.6287841796875
160.34622192382812
159.85360717773438
160.2629852294922
160.782958984375
158.45391845703125
171.83680725097656
163.45709228515625
164.05226135253906
160.77487182617188
161.2372283935547
159.72706604003906
159.3345947265625
