200.95127868652344
167.45098876953125
166.13035583496094
165.32525634765625
164.86024475097656
164.54364013671875
164.3028564453125
164.102783203125
163.92437744140625
163.7525634765625
163.55850219726562
163.33177185058594
163.14002990722656
162.9429931640625
162.73202514648438
162.76658630371094
164.33554077148438
161.72314453125
161.89828491210938
159.27488708496094
164.6597137451172
162.9429931640625
163.65185546875
171.00692749023438
161.09661865234375
175.1603546142578
163.9823760986328
163.287353515625
173.80865478515625
165.45333862304688
162.49786376953125
161.31515502929688
161.37083435058594
175.15292358398438
186.4379425048828
158.90328979492188
163.35696411132812
162.3153076171875
162.13482666015625
161.168701171875
181.06752014160156
160.88613891601562
159.3660888671875
162.08285522460938
161.93666076660156
165.61190795898438
160.21328735351562
161.43264770507812
161.25445556640625
169.69017028808594
167.9638214111328
172.1342010498047
159.3020782470703
163.6947479248047
162.1183319091797
184.2595977783203
165.765380859375
165.12062072753906
159.3955078125
166.60385131835938
163.43455505371094
158.59962463378906
158.70724487304688
169.65553283691406
168.09625244140625
166.96498107910156
161.3740997314453
160.95977783203125
164.8136444091797
158.30996704101562
163.5687255859375
159.10748291015625
160.4737548828125
158.84483337402344
180.7748260498047
159.38926696777344
158.604736328125
160.02687072753906
162.3871612548828
159.3632354736328
160.7550506591797
161.85304260253906
161.4005126953125
159.2392120361328
159.04283142089844
162.06446838378906
158.7742919921875
158.3402862548828
165.48214721679688
162.63177490234375
158.51646423339844
159.93333435058594
160.45184326171875
185.8561248779297
158.99427795410156
161.37033081054688
159.9119873046875
160.78749084472656
183.4882354736328
158.7002716064453
