200.33409118652344
165.18917846679688
134.27667236328125
142.03428649902344
140.41110229492188
152.81411743164062
158.31019592285156
145.88516235351562
139.23260498046875
137.73326110839844
150.44786071777344
145.93304443359375
135.71444702148438
141.5853729248047
135.46893310546875
129.5316162109375
133.31748962402344
138.5201416015625
139.03125
142.5234375
132.84735107421875
136.9124755859375
133.52523803710938
141.3907470703125
139.46051025390625
131.2606201171875
141.23255920410156
125.69265747070312
139.13975524902344
127.53559112548828
139.59642028808594
128.29940795898438
133.45774841308594
130.06976318359375
139.7793426513672
127.55240631103516
126.5599365234375
128.75491333007812
125.56864929199219
148.42218017578125
127.63377380371094
130.9886474609375
135.3607177734375
143.5414581298828
140.3434600830078
135.38247680664062
129.7994384765625
123.8812255859375
143.26419067382812
137.96905517578125
157.6837615966797
138.16551208496094
128.2830810546875
133.54119873046875
149.84063720703125
140.8557891845703
131.82113647460938
132.81784057617188
134.73690795898438
134.1203155517578
139.17921447753906
126.19756317138672
137.8535919189453
133.32232666015625
128.93154907226562
161.93997192382812
136.53135681152344
127.22903442382812
135.96914672851562
124.77136993408203
129.53268432617188
127.30493927001953
137.9449462890625
126.11144256591797
131.6319580078125
143.20751953125
127.103515625
134.837890625
143.91802978515625
123.79046630859375
124.64022827148438
161.13986206054688
154.8833770751953
125.96769714355469
157.6188507080078
131.46742248535156
137.38128662109375
127.8431396484375
129.06784057617188
122.15251159667969
172.01976013183594
141.6017608642578
137.22616577148438
136.3508758544922
138.51502990722656
129.06634521484375
129.65553283691406
135.46347045898438
122.6614990234375
123.79013061523438
