200.34603881835938
148.47964477539062
164.35594177246094
142.79486083984375
155.86807250976562
173.37127685546875
139.8323211669922
124.88175964355469
156.08169555664062
155.38433837890625
155.77992248535156
135.61965942382812
140.19573974609375
148.29893493652344
138.52243041992188
141.66065979003906
138.28929138183594
137.0425262451172
134.53834533691406
138.81211853027344
134.13470458984375
136.34078979492188
125.67137145996094
129.49777221679688
139.107177734375
137.70030212402344
129.48658752441406
134.46690368652344
147.78759765625
140.48133850097656
140.152099609375
136.950439453125
137.41622924804688
129.35321044921875
127.9874496459961
125.67584991455078
144.6941680908203
140.9153289794922
131.16232299804688
131.19781494140625
133.3260498046875
135.18438720703125
166.2618408203125
148.261474609375
137.65797424316406
137.43504333496094
129.42359924316406
131.54025268554688
139.19891357421875
131.94276428222656
130.29275512695312
142.4169464111328
130.3482666015625
139.2401885986328
131.22340393066406
125.17040252685547
138.30181884765625
137.88230895996094
147.51821899414062
129.23202514648438
130.93373107910156
130.5020751953125
133.7335968017578
132.0528564453125
130.92849731445312
137.8980712890625
139.2461395263672
133.43069458007812
142.1875457763672
133.30331420898438
134.3057403564453
130.48001098632812
139.095458984375
131.5903778076172
153.24844360351562
125.88018798828125
138.81504821777344
125.72428894042969
135.34671020507812
131.9934844970703
135.72598266601562
124.67259216308594
142.9825897216797
142.6361083984375
137.54359436035156
154.2905731201172
135.8748321533203
123.12088775634766
131.23370361328125
137.8455352783203
132.96511840820312
146.86163330078125
132.95382690429688
129.0970458984375
127.5602035522461
129.43907165527344
133.31117248535156
122.52277374267578
136.3394775390625
133.33200073242188
