200.21990966796875
149.2481231689453
138.79638671875
130.78195190429688
124.62876892089844
126.74239349365234
125.30855560302734
146.1175994873047
143.70175170898438
134.23046875
128.575439453125
126.71214294433594
138.55084228515625
133.7036590576172
134.55203247070312
129.43215942382812
125.71586608886719
130.86953735351562
123.64019775390625
139.7456817626953
122.51020812988281
134.42434692382812
131.7020721435547
130.66976928710938
128.38525390625
130.16244506835938
131.5214385986328
129.91221618652344
128.9554901123047
134.72390747070312
126.18220520019531
127.80577087402344
125.30091857910156
129.60018920898438
131.0181427001953
126.64875030517578
130.67201232910156
119.84614562988281
134.54212951660156
130.24075317382812
120.26885986328125
124.2060546875
125.63655090332031
127.91911315917969
138.9893798828125
123.91472625732422
138.8357391357422
123.74283599853516
135.7413330078125
129.83203125
135.72366333007812
131.700439453125
127.62278747558594
126.47917175292969
126.06008911132812
127.0137939453125
138.70974731445312
127.68818664550781
123.89993286132812
128.88670349121094
127.6313705444336
131.1729736328125
125.97430419921875
126.90811920166016
127.98548889160156
125.72987365722656
122.47063446044922
133.8328094482422
123.91644287109375
127.44406127929688
129.21563720703125
133.255859375
122.9314956665039
122.66819763183594
121.35804748535156
129.71798706054688
135.5970001220703
135.6072540283203
126.87564086914062
130.9354705810547
125.35952758789062
128.36190795898438
122.34918975830078
131.9130401611328
135.49368286132812
141.34481811523438
122.68447875976562
131.0482177734375
137.90847778320312
120.71129608154297
122.40089416503906
136.71014404296875
120.17320251464844
124.12822723388672
139.7961883544922
124.72813415527344
125.93693542480469
139.62628173828125
120.59799194335938
126.28501892089844
