198.8160400390625
147.2288818359375
134.82662963867188
133.50709533691406
135.0320587158203
130.8474884033203
132.43951416015625
134.4454345703125
128.47271728515625
128.54624938964844
125.0777587890625
127.80819702148438
125.27136993408203
127.51496887207031
127.07806396484375
127.6678695678711
128.41000366210938
129.50454711914062
126.82567596435547
129.37368774414062
126.98188781738281
130.255615234375
124.36318969726562
128.14561462402344
125.14787292480469
134.7271728515625
123.00829315185547
125.89537811279297
131.67701721191406
133.01779174804688
128.7484130859375
124.9340591430664
132.26564025878906
125.33865356445312
125.36429595947266
124.78013610839844
126.1613998413086
126.15491485595703
124.91456604003906
124.380126953125
134.35635375976562
141.95123291015625
129.41915893554688
125.66342163085938
130.29393005371094
122.28823852539062
122.05709838867188
129.60023498535156
129.78904724121094
129.3773193359375
125.20170593261719
125.66547393798828
122.35775756835938
144.5518798828125
145.0282440185547
124.78766632080078
128.72361755371094
129.74964904785156
122.47802734375
122.11532592773438
124.97007751464844
122.79640197753906
121.6166763305664
124.11642456054688
130.5266876220703
129.68821716308594
122.61183166503906
122.49974060058594
122.88954162597656
155.02334594726562
134.12123107910156
125.70238494873047
126.98133087158203
144.46875
132.66531372070312
124.18576049804688
145.5897979736328
126.8467025756836
124.73724365234375
121.46326446533203
159.7667999267578
121.62947845458984
125.8875732421875
123.31230163574219
121.91194152832031
119.29396057128906
121.2596435546875
173.10360717773438
125.47946166992188
123.45890808105469
129.72348022460938
122.01644897460938
122.44818115234375
120.8142318725586
121.38850402832031
124.82957458496094
139.2525634765625
124.930908203125
121.71105194091797
140.0903778076172
