197.72547912597656
139.65145874023438
139.2125244140625
135.5293426513672
137.2814178466797
132.2692108154297
138.27752685546875
136.13638305664062
134.15728759765625
133.9276123046875
134.99740600585938
133.3913116455078
131.63873291015625
136.7075653076172
139.70521545410156
134.19998168945312
135.2255096435547
130.1953125
137.94613647460938
136.96627807617188
133.2789764404297
135.15576171875
136.13400268554688
137.73837280273438
133.150634765625
134.3354034423828
133.24374389648438
134.05230712890625
131.55726623535156
131.81289672851562
133.21783447265625
134.25741577148438
141.67283630371094
135.0873565673828
134.0673828125
131.4991455078125
133.45162963867188
135.4733123779297
135.10610961914062
128.04595947265625
136.85623168945312
131.919677734375
135.6951904296875
132.86373901367188
134.0129852294922
133.83677673339844
138.4246368408203
140.06442260742188
134.19650268554688
130.64788818359375
148.29513549804688
138.2072296142578
134.24090576171875
131.40185546875
133.1100311279297
127.95321655273438
133.14796447753906
135.12815856933594
140.2172393798828
132.77992248535156
131.05108642578125
130.484619140625
136.2626953125
132.07241821289062
133.6045684814453
145.7899627685547
130.645751953125
129.86810302734375
135.0710906982422
128.973388671875
133.37368774414062
134.61082458496094
134.7113494873047
147.7820587158203
136.19383239746094
131.07090759277344
136.33204650878906
134.6197967529297
129.56016540527344
131.44223022460938
133.75706481933594
142.20701599121094
135.02767944335938
134.7094268798828
136.31820678710938
137.06072998046875
135.25709533691406
131.9503173828125
137.62872314453125
131.55592346191406
133.71121215820312
130.3638153076172
138.15000915527344
138.34873962402344
139.81919860839844
128.33956909179688
140.35223388671875
137.41546630859375
129.77487182617188
127.17355346679688
