197.8489532470703
142.56300354003906
136.31346130371094
153.87606811523438
128.91168212890625
127.22183990478516
147.41189575195312
133.9772491455078
128.98968505859375
122.58377075195312
142.37066650390625
125.59248352050781
133.107421875
128.46493530273438
125.24873352050781
125.11249542236328
123.22115325927734
143.11248779296875
127.70384216308594
130.15184020996094
131.97142028808594
145.38291931152344
124.11863708496094
137.1632843017578
126.24703216552734
136.77822875976562
132.60479736328125
124.69291687011719
134.0302734375
130.49371337890625
123.53829956054688
127.36640930175781
134.64178466796875
139.741455078125
127.48867797851562
144.65298461914062
126.00470733642578
131.96981811523438
129.5672149658203
131.81292724609375
139.7796630859375
121.92005157470703
127.7864990234375
137.543701171875
125.31617736816406
129.9149169921875
137.32052612304688
130.92518615722656
131.84934997558594
126.0107421875
128.9011688232422
127.11045837402344
124.28762817382812
122.90699768066406
127.37882995605469
127.13179016113281
143.88597106933594
134.9012908935547
130.99459838867188
127.562744140625
127.41737365722656
127.17436218261719
125.69802856445312
127.19548797607422
125.99481964111328
130.03834533691406
126.91827392578125
121.71046447753906
124.91136932373047
139.13540649414062
124.4411392211914
137.0826873779297
121.58878326416016
135.30221557617188
121.81675720214844
122.89091491699219
122.95138549804688
128.36663818359375
133.99545288085938
127.17881774902344
121.34645080566406
126.58699798583984
128.1240234375
122.79663848876953
130.62921142578125
123.4364242553711
124.02946472167969
122.06867218017578
125.01097106933594
128.53424072265625
122.92967224121094
121.20203399658203
126.7052001953125
125.20198059082031
123.3564453125
133.11627197265625
130.40789794921875
127.65985107421875
119.92581176757812
135.1039581298828
