202.35890197753906
140.72109985351562
146.9036865234375
133.66209411621094
139.63417053222656
140.51792907714844
135.56861877441406
133.8830108642578
135.4939727783203
147.35023498535156
132.078857421875
141.1993408203125
138.0582733154297
133.1780242919922
135.40762329101562
138.74615478515625
134.0780487060547
135.35125732421875
145.7704620361328
133.82762145996094
134.3866424560547
137.16873168945312
133.9103240966797
136.9910888671875
137.57891845703125
134.49900817871094
134.83126831054688
133.03314208984375
134.33985900878906
135.67759704589844
131.521240234375
136.3095245361328
130.8054656982422
133.51641845703125
138.82708740234375
135.09646606445312
134.9063720703125
134.168701171875
133.66802978515625
133.7419891357422
135.5057830810547
129.42994689941406
133.00384521484375
133.16415405273438
133.72714233398438
134.38792419433594
132.49151611328125
131.72991943359375
138.95596313476562
131.1844482421875
140.62399291992188
129.58888244628906
129.77261352539062
134.941650390625
129.18133544921875
134.5839080810547
136.41050720214844
130.69247436523438
132.84378051757812
133.8843231201172
133.37216186523438
132.12168884277344
140.20347595214844
131.5298309326172
132.1808624267578
128.45211791992188
135.55313110351562
131.12481689453125
137.54879760742188
145.05072021484375
131.7321014404297
135.9307098388672
131.5911102294922
130.73707580566406
134.51336669921875
134.36328125
133.55699157714844
132.97177124023438
130.4227294921875
135.50694274902344
133.23782348632812
138.8726806640625
136.4480438232422
132.189453125
129.48318481445312
131.7107696533203
127.86453247070312
130.02401733398438
134.26528930664062
136.589599609375
137.85659790039062
135.4321746826172
135.89544677734375
135.44216918945312
130.85107421875
133.69570922851562
129.38525390625
127.53465270996094
127.48859405517578
149.2198486328125
