202.62489318847656
146.66534423828125
130.76446533203125
124.75252532958984
124.62745666503906
118.50067138671875
123.0824203491211
117.57223510742188
114.70770263671875
114.81204223632812
112.48575592041016
113.77418518066406
112.11090850830078
127.33856201171875
118.83277893066406
114.8509750366211
116.94041442871094
118.25660705566406
109.9230728149414
117.86519622802734
109.35555267333984
107.81770324707031
112.77467346191406
108.94600677490234
117.86051940917969
113.11808776855469
111.03520965576172
106.01863861083984
117.12629699707031
105.80199432373047
108.22467803955078
110.24150085449219
112.95719146728516
108.36605834960938
110.10401916503906
116.3214111328125
112.44996643066406
105.96548461914062
124.79257202148438
108.19644165039062
113.97142028808594
104.64685821533203
117.3282470703125
106.85974884033203
111.23709106445312
105.23355102539062
107.58531951904297
110.4647445678711
116.25577545166016
104.4491195678711
107.57747650146484
108.75652313232422
123.88003540039062
108.73495483398438
111.06980895996094
115.83235931396484
108.07513427734375
105.35072326660156
104.14297485351562
105.81996154785156
107.26322937011719
112.5390396118164
108.53620910644531
106.93006134033203
105.18921661376953
107.66899108886719
109.21121215820312
113.77618408203125
108.9953842163086
103.34200286865234
103.60350799560547
111.31173706054688
106.89338684082031
104.93042755126953
107.3675765991211
107.06498718261719
119.201416015625
103.94218444824219
107.49088287353516
105.21879577636719
106.57625579833984
115.14579010009766
106.00343322753906
104.49166870117188
104.68183898925781
103.5647964477539
104.89259338378906
104.58544158935547
110.12057495117188
104.95623779296875
108.7831039428711
107.97543334960938
104.2862319946289
104.24327850341797
103.36258697509766
109.09396362304688
104.3834228515625
103.40587615966797
114.16582489013672
106.51637268066406
