201.82984924316406
132.9697265625
151.83563232421875
154.91746520996094
164.3700714111328
119.76071166992188
120.48896026611328
145.65164184570312
132.54530334472656
122.52799987792969
122.22724914550781
117.14917755126953
115.25981140136719
127.00578308105469
118.63410186767578
121.17110443115234
120.95361328125
118.4081802368164
118.43356323242188
121.82658386230469
144.58834838867188
126.77086639404297
117.90689849853516
116.51354217529297
120.69759368896484
130.23574829101562
117.5654296875
118.41409301757812
112.96055603027344
119.61381530761719
112.85926055908203
110.87483215332031
123.12114715576172
117.3233413696289
112.62562561035156
118.75455474853516
113.89730072021484
119.43159484863281
121.26284790039062
125.8943862915039
118.88211822509766
113.92203521728516
112.47176361083984
118.60330963134766
112.41513061523438
110.36027526855469
126.96134185791016
111.66205596923828
115.01457214355469
134.6725616455078
124.99195861816406
116.66329193115234
118.95069885253906
114.13871002197266
111.76483917236328
116.97553253173828
119.16389465332031
110.96855163574219
114.40250396728516
112.90673828125
117.90887451171875
119.63509368896484
108.55206298828125
111.4692611694336
111.13755798339844
107.8523941040039
126.88599395751953
119.98922729492188
114.76582336425781
119.2161636352539
112.06283569335938
124.21289825439453
119.87702178955078
107.30178833007812
121.74849700927734
112.54084777832031
109.75933074951172
112.66526794433594
113.3472900390625
115.02730560302734
113.22184753417969
111.15072631835938
115.15779876708984
109.34927368164062
110.11286163330078
114.31412506103516
114.17203521728516
108.67277526855469
110.04940032958984
107.16007232666016
122.0174560546875
110.85983276367188
109.45732116699219
109.1220474243164
110.20116424560547
106.44007873535156
109.7941665649414
119.95875549316406
111.60585021972656
113.72493743896484
