199.54917907714844
129.84486389160156
122.08367919921875
126.91719055175781
120.78369903564453
112.96839904785156
129.5111541748047
114.85840606689453
112.07878112792969
118.69837951660156
117.14131164550781
114.13020324707031
141.54852294921875
123.28128814697266
113.34086608886719
119.34496307373047
111.83262634277344
116.41773986816406
114.01956939697266
112.16016387939453
111.73946380615234
115.11290740966797
117.59552001953125
117.5618896484375
111.69163513183594
110.7745361328125
121.43244171142578
113.77784729003906
107.7144546508789
107.9942855834961
114.42709350585938
118.95600891113281
115.4239273071289
106.41134643554688
109.78083038330078
113.42552185058594
119.08926391601562
119.85124969482422
108.52182006835938
110.83001708984375
108.31559753417969
110.41178894042969
108.65998840332031
112.00590515136719
111.96847534179688
109.29703521728516
109.0335693359375
110.84053039550781
106.3389892578125
130.55078125
109.89697265625
107.80814361572266
112.23355865478516
111.475830078125
103.44719696044922
109.72895812988281
124.50173950195312
107.09037017822266
111.46981048583984
113.10624694824219
106.97662353515625
106.95301055908203
106.49469757080078
108.41159057617188
109.51667785644531
106.28238677978516
112.82188415527344
109.16236877441406
107.53218078613281
114.47700500488281
104.68022155761719
107.11519622802734
114.2131118774414
106.33594512939453
108.24220275878906
103.47760772705078
103.57575988769531
109.36743927001953
106.81156921386719
109.560791015625
112.2408447265625
109.41986083984375
103.661865234375
111.08280944824219
107.56211853027344
111.28522491455078
118.86648559570312
107.35255432128906
114.71724700927734
105.07677459716797
110.39625549316406
108.67969512939453
105.77339172363281
106.31046295166016
109.28961181640625
117.09196472167969
105.92894744873047
109.38719177246094
126.12075805664062
109.5408706665039
