198.88755798339844
136.56503295898438
129.81451416015625
124.24027252197266
125.88268280029297
123.31673431396484
125.57135009765625
122.62500762939453
141.66848754882812
117.10711669921875
123.19034576416016
121.66184997558594
122.36860656738281
116.72293090820312
122.93265533447266
119.94125366210938
117.46440124511719
118.17256164550781
116.97062683105469
120.08907318115234
117.20059967041016
113.93438720703125
122.05192565917969
118.9869384765625
113.2505111694336
114.24952697753906
110.88043212890625
128.54627990722656
118.25503540039062
120.18650817871094
117.16726684570312
120.945068359375
116.22286987304688
115.71145629882812
112.77623748779297
117.23371887207031
112.07278442382812
112.53015899658203
112.81977081298828
112.73518371582031
119.37417602539062
108.91682434082031
124.43011474609375
137.84739685058594
114.47811889648438
108.54475402832031
117.52082824707031
112.7395248413086
120.47150421142578
118.62559509277344
120.60726928710938
119.51457977294922
112.06216430664062
119.00236511230469
122.5091552734375
120.07738494873047
120.36237335205078
113.65269470214844
118.16127014160156
117.07831573486328
124.52562713623047
125.18222045898438
119.47065734863281
124.1894302368164
110.6369857788086
121.80950927734375
107.52700805664062
112.04755401611328
111.9551010131836
110.69648742675781
112.93144989013672
112.18836975097656
114.72602844238281
117.95198822021484
111.88722229003906
118.6507339477539
113.04874420166016
111.1343765258789
114.85198211669922
117.53297424316406
118.84412384033203
123.38760375976562
112.21562957763672
108.14800262451172
113.26624298095703
112.2196044921875
118.83885955810547
112.78801727294922
122.27471923828125
126.79129791259766
109.8948745727539
118.31209564208984
113.36504364013672
110.47357940673828
118.6806869506836
116.75437927246094
115.80488586425781
118.33101654052734
111.17823028564453
126.79449462890625
