200.83804321289062
125.21383666992188
116.60475158691406
107.0814437866211
126.24293518066406
111.3911361694336
96.18418884277344
97.43907165527344
100.58895874023438
95.80604553222656
118.5473403930664
96.12397766113281
95.5194091796875
89.6900634765625
93.24266052246094
89.822265625
95.73701477050781
107.27922821044922
90.12190246582031
92.68842315673828
105.67837524414062
110.76488494873047
91.50961303710938
100.37409973144531
97.00019836425781
99.77472686767578
91.75656127929688
92.31155395507812
88.59553527832031
91.57215881347656
88.42190551757812
88.91714477539062
87.27586364746094
98.1119384765625
99.87821197509766
98.8292465209961
88.0
97.57955932617188
88.62843322753906
108.20277404785156
96.6949462890625
90.37999725341797
106.36187744140625
93.4415283203125
95.73857116699219
95.05260467529297
105.00123596191406
93.14083099365234
93.39177703857422
88.7168197631836
91.84675598144531
90.66236877441406
92.16365814208984
95.91598510742188
91.73151397705078
90.88497924804688
89.5439682006836
93.18302154541016
90.13632202148438
92.20478820800781
95.62422180175781
90.93783569335938
90.63029479980469
91.47589111328125
89.753662109375
90.0245590209961
89.4276351928711
88.13011932373047
92.57353973388672
99.91673278808594
86.95260620117188
94.10820770263672
87.51412963867188
87.59677124023438
86.92826080322266
86.89429473876953
91.74650573730469
86.71114349365234
86.81884765625
88.59959411621094
93.71678161621094
86.77478790283203
91.62997436523438
87.25064086914062
86.6369857788086
86.55563354492188
91.75041198730469
86.43846130371094
86.61695098876953
88.56645965576172
86.51417541503906
86.11270904541016
101.16341400146484
89.75630950927734
86.03292846679688
87.6064682006836
87.06953430175781
85.74464416503906
89.19163513183594
91.80970764160156
