200.2463836669922
122.59201049804688
124.7911376953125
118.67462921142578
98.90354919433594
103.71821594238281
97.8591537475586
106.54270935058594
95.77854919433594
105.97393035888672
108.14796447753906
88.3203125
100.79747772216797
97.80106353759766
89.00758361816406
84.51158142089844
85.23231506347656
89.24454498291016
88.2489013671875
91.14724731445312
87.77064514160156
85.34532165527344
83.11060333251953
87.0609130859375
83.4429931640625
83.9097671508789
83.4957275390625
93.41429901123047
87.75790405273438
88.80687713623047
86.40691375732422
86.16629028320312
86.70244598388672
82.88468170166016
85.44222259521484
81.5883560180664
84.8958511352539
98.77469635009766
98.71612548828125
86.28834533691406
93.1392822265625
99.11072540283203
85.82635498046875
84.01246643066406
82.33279418945312
83.33968353271484
85.65740203857422
102.59654235839844
84.28612518310547
83.9053955078125
81.30635070800781
88.05842590332031
88.24507904052734
82.77156829833984
81.32954406738281
81.6675796508789
104.67185974121094
82.55914306640625
87.66454315185547
82.94020080566406
82.59185028076172
82.25768280029297
83.18762969970703
82.76031494140625
82.50110626220703
83.0571060180664
82.81507873535156
81.94979858398438
82.46764373779297
83.10881042480469
100.33418273925781
81.23657989501953
83.40657043457031
81.37337493896484
81.6472396850586
81.86856842041016
81.93830871582031
80.2083740234375
84.14067840576172
92.76477813720703
80.56999206542969
83.3665542602539
82.0029525756836
82.48834228515625
100.30768585205078
80.81543731689453
82.07137298583984
84.0223388671875
93.26274108886719
85.74839782714844
82.80968475341797
81.67692565917969
82.35389709472656
82.21285247802734
80.7923583984375
85.08428955078125
80.177734375
81.361572265625
109.50151824951172
93.13961791992188
