200.5669403076172
141.6826629638672
112.9848861694336
106.45907592773438
104.7442398071289
103.52526092529297
98.55693817138672
99.66038513183594
105.5646743774414
102.46233367919922
99.91161346435547
97.9570541381836
94.06605529785156
100.07369995117188
97.15150451660156
98.0047836303711
94.05966186523438
93.46887969970703
97.37696838378906
105.73125457763672
95.08455657958984
95.36502838134766
90.45246887207031
96.04341888427734
91.64491271972656
93.86473846435547
92.63285827636719
102.23125457763672
91.95716857910156
94.06591033935547
90.91065216064453
95.67919921875
101.15388488769531
90.73007202148438
93.15814208984375
93.22297668457031
99.3582763671875
87.19090270996094
90.4020767211914
90.60376739501953
89.54518127441406
89.94789123535156
89.49806213378906
89.52651977539062
90.46434783935547
88.49520111083984
92.34242248535156
89.6419448852539
89.82284545898438
88.74624633789062
89.65916442871094
89.31317901611328
87.7296371459961
87.07618713378906
87.56219482421875
87.42970275878906
90.64849853515625
90.2776870727539
87.6746597290039
88.35639953613281
111.56159973144531
90.54703521728516
94.94779205322266
88.84202575683594
94.51386260986328
88.46766662597656
88.35617065429688
88.08606719970703
88.01898193359375
88.63804626464844
96.56244659423828
96.42084503173828
89.31571197509766
88.07341003417969
88.15782165527344
87.20980834960938
87.1494369506836
89.22509765625
87.95399475097656
88.03485107421875
87.7573013305664
96.28753662109375
99.4458236694336
87.2918472290039
87.57904052734375
88.11253356933594
86.11656188964844
86.85333251953125
97.36732482910156
87.90766906738281
86.2846450805664
86.2408676147461
86.80085754394531
87.1666030883789
87.11421966552734
86.18622589111328
87.12517547607422
87.87933349609375
86.69744110107422
87.24148559570312
