200.3440399169922
121.85554504394531
119.00586700439453
114.06869506835938
113.85740661621094
96.86337280273438
101.716796875
104.65470886230469
96.1783676147461
101.21428680419922
101.71780395507812
102.8966293334961
96.52228546142578
108.38226318359375
94.37322235107422
104.79715728759766
97.20816802978516
112.05986785888672
102.1370849609375
98.20287322998047
114.82711791992188
97.88792419433594
98.27874755859375
102.94913482666016
102.69811248779297
88.00432586669922
89.6646957397461
95.03050231933594
110.19563293457031
88.04141998291016
85.65898895263672
100.71746063232422
99.6201171875
89.51583099365234
97.80625915527344
89.50103759765625
96.88038635253906
99.64856719970703
90.54973602294922
85.68556213378906
88.06463623046875
101.82308959960938
91.79814910888672
96.20471954345703
92.6005859375
86.58500671386719
92.99203491210938
97.55470275878906
90.72071075439453
86.66048431396484
87.68547821044922
92.78301239013672
107.71571350097656
99.87020874023438
92.60147094726562
107.9801254272461
85.1624526977539
86.90077209472656
87.9504165649414
87.98865509033203
98.38379669189453
79.29859924316406
84.18097686767578
106.34835052490234
78.90066528320312
89.86316680908203
85.52359008789062
83.1922607421875
80.75179290771484
79.31153869628906
84.06185150146484
81.07170867919922
84.33168029785156
88.85843658447266
83.01886749267578
91.46725463867188
94.10320281982422
85.97777557373047
80.60725402832031
78.24491119384766
78.77965545654297
89.43145751953125
83.2754898071289
83.1241683959961
78.96198272705078
85.697021484375
77.00592041015625
78.66171264648438
78.53598022460938
96.57581329345703
77.17555236816406
89.4205322265625
77.66432189941406
86.57727813720703
87.98806762695312
79.55830383300781
77.91546630859375
85.73636627197266
80.96836853027344
86.74199676513672
