199.32911682128906
118.71903228759766
107.82791137695312
102.12293243408203
97.7367172241211
106.50565338134766
101.00414276123047
114.21194458007812
95.58992004394531
91.54185485839844
88.93621826171875
104.95289611816406
98.07891082763672
88.38935852050781
91.19939422607422
89.84786987304688
85.75352478027344
88.21949768066406
91.41958618164062
84.64022827148438
87.33967590332031
83.49544525146484
86.39624786376953
85.49132537841797
85.95169067382812
86.56383514404297
85.93199920654297
86.03868865966797
84.1976318359375
84.14369201660156
84.07923126220703
83.17546081542969
86.67688751220703
88.19148254394531
85.62545776367188
84.91706085205078
82.8653793334961
89.9822769165039
83.30471801757812
83.90766143798828
83.62265014648438
83.3380126953125
85.00424194335938
89.66152954101562
84.03003692626953
81.31565856933594
77.90950775146484
86.19934844970703
82.72203826904297
84.83987426757812
82.11238861083984
81.347900390625
83.78559875488281
91.92316436767578
82.9664077758789
83.78087615966797
80.76087188720703
81.68537902832031
81.95325469970703
82.1444320678711
83.20584106445312
83.15123748779297
84.17182922363281
82.73814392089844
81.84901428222656
83.60420989990234
84.60497283935547
80.67131042480469
96.8591079711914
84.17694091796875
79.32610321044922
81.9898910522461
81.89543914794922
82.83712768554688
82.1148910522461
81.81587219238281
89.20510864257812
94.50835418701172
82.46700286865234
83.97328186035156
84.28607940673828
81.22225189208984
81.45042419433594
90.09214782714844
88.45404052734375
82.18328857421875
79.58145141601562
90.46299743652344
81.62439727783203
88.17164611816406
85.54595947265625
81.9754638671875
84.53849792480469
81.39682006835938
83.07379913330078
82.43316650390625
82.46809387207031
77.27814483642578
83.08409118652344
79.2645492553711
