200.5814666748047
109.6177978515625
86.38929748535156
84.11080932617188
76.0378646850586
80.2580337524414
74.16877746582031
71.20055389404297
64.7170181274414
65.30388641357422
64.66111755371094
62.19565963745117
63.040287017822266
61.24200439453125
74.88932037353516
61.387969970703125
76.33352661132812
60.7272834777832
65.87886810302734
62.062591552734375
61.071693420410156
62.45181655883789
67.75421142578125
60.948829650878906
60.13752746582031
60.52839660644531
65.57121276855469
63.8966178894043
63.273597717285156
69.03680419921875
70.76742553710938
63.21255111694336
58.500244140625
64.1241455078125
58.20610809326172
64.17276000976562
61.06385803222656
59.1868896484375
75.98173522949219
61.89466857910156
59.715511322021484
63.30570602416992
59.0977783203125
62.66317367553711
59.23297882080078
67.03802490234375
59.19839096069336
59.386749267578125
63.90430450439453
83.43716430664062
59.2758903503418
56.80193328857422
58.34287643432617
73.05986022949219
56.70549392700195
59.4362678527832
58.96842956542969
60.521141052246094
76.59778594970703
59.353763580322266
60.85504913330078
58.13562774658203
58.36888122558594
57.83232116699219
59.423152923583984
59.2064208984375
57.65327453613281
59.709861755371094
57.27104949951172
57.800315856933594
58.339752197265625
65.59134674072266
58.59299087524414
64.63739776611328
58.29092788696289
60.637725830078125
56.602088928222656
57.560543060302734
56.68011474609375
57.006072998046875
71.28116607666016
66.6684799194336
58.76258087158203
56.72854232788086
59.082454681396484
58.88727569580078
59.719200134277344
58.27799987792969
57.88551330566406
63.311500549316406
65.79007720947266
71.6391830444336
58.582218170166016
58.53931427001953
57.47023010253906
59.09459686279297
63.486289978027344
57.10826873779297
57.887611389160156
58.97875213623047
