198.37466430664062
117.70160675048828
106.527099609375
89.04307556152344
93.16949462890625
87.55360412597656
84.97173309326172
83.75277709960938
82.08177947998047
93.18058776855469
83.00460052490234
79.13829040527344
76.47154235839844
80.2868423461914
84.00509643554688
74.77767181396484
87.15425872802734
75.50374603271484
75.53651428222656
75.23822021484375
75.04728698730469
73.85984802246094
105.20679473876953
78.05729675292969
81.2728271484375
95.11239624023438
73.88583374023438
96.04582977294922
71.03256225585938
72.35530853271484
71.36412811279297
76.24790954589844
74.98700714111328
71.19922637939453
72.85157775878906
76.26477813720703
99.84275817871094
87.64628601074219
85.24421691894531
84.09884643554688
71.24967956542969
88.3998031616211
70.68832397460938
74.58241271972656
69.31597137451172
68.73999786376953
84.29449462890625
77.4231948852539
70.0139389038086
77.08395385742188
83.70972442626953
76.9848861694336
76.64102172851562
84.65962219238281
76.29414367675781
76.48624420166016
76.0294189453125
76.28294372558594
88.75444030761719
76.31369018554688
75.7162857055664
75.58084106445312
75.89765167236328
75.79104614257812
75.59864807128906
75.29391479492188
77.4937744140625
75.35176086425781
75.15339660644531
75.19072723388672
91.24064636230469
74.94876861572266
76.03365325927734
74.91695404052734
98.08281707763672
82.48089599609375
74.76220703125
74.68067932128906
74.65192413330078
74.6983413696289
74.72370147705078
75.64881134033203
74.64942169189453
75.92597961425781
80.9639892578125
77.64595031738281
91.8913803100586
74.48899841308594
89.19510650634766
74.50277709960938
74.52271270751953
77.0510025024414
83.26309204101562
74.40215301513672
74.29060363769531
74.30752563476562
74.34809875488281
74.21586608886719
74.3180160522461
104.05111694335938
