197.6642608642578
103.99774169921875
106.69943237304688
102.85028839111328
82.09347534179688
78.59476470947266
74.61510467529297
88.227294921875
75.20001220703125
74.82431030273438
73.31034088134766
79.03958129882812
74.04508972167969
69.96135711669922
70.5992202758789
73.15806579589844
80.90673828125
69.44282531738281
71.36563873291016
73.6109390258789
70.6512451171875
67.95630645751953
66.44051361083984
65.32596588134766
68.76836395263672
66.2066879272461
67.22662353515625
76.23600006103516
75.98030090332031
72.506103515625
65.03736114501953
70.62042236328125
66.34233856201172
63.630191802978516
64.74053192138672
72.12290954589844
64.52505493164062
67.01007080078125
69.67139434814453
69.10367584228516
68.41224670410156
64.4382553100586
62.24687957763672
86.18205261230469
62.23090362548828
82.19925689697266
63.24895477294922
65.55634307861328
62.628807067871094
66.89664459228516
71.22634887695312
62.143314361572266
68.11286926269531
68.10511016845703
78.57994079589844
67.14142608642578
62.59632110595703
81.91114807128906
62.90018081665039
60.664276123046875
92.92552947998047
61.20176696777344
62.505615234375
76.47657775878906
74.71142578125
68.44461822509766
70.66838836669922
72.56759643554688
75.2042465209961
77.60269927978516
99.20709228515625
67.23443603515625
91.66021728515625
70.76871490478516
70.59532928466797
80.24258422851562
65.3766098022461
77.44895935058594
66.37154388427734
68.74177551269531
75.6329116821289
102.21223449707031
73.20536804199219
73.98255920410156
65.81439208984375
70.9244384765625
79.59552001953125
74.6164779663086
67.34476470947266
64.06531524658203
73.04754638671875
68.28337097167969
64.54547119140625
65.69135284423828
89.40558624267578
98.5759506225586
68.98788452148438
68.63020324707031
65.425048828125
74.20409393310547
