199.16868591308594
109.41816711425781
104.36752319335938
81.80311584472656
78.4145278930664
79.4111557006836
82.20891571044922
78.91703796386719
74.40682983398438
73.08261108398438
78.84050750732422
76.54743194580078
74.89815521240234
81.07335662841797
93.96916198730469
71.41767120361328
77.28709411621094
70.16767883300781
68.13626861572266
69.93919372558594
80.69842529296875
69.7452392578125
98.2811279296875
74.6771469116211
67.96234893798828
72.03370666503906
73.61251831054688
70.55472564697266
68.1218032836914
66.90250396728516
68.14075469970703
69.91072082519531
67.27728271484375
71.89047241210938
74.62203979492188
69.31525421142578
69.2847900390625
72.9507827758789
71.91387939453125
66.5568618774414
67.93838500976562
68.97210693359375
69.20623016357422
68.07848358154297
84.58393096923828
71.87332153320312
67.74494934082031
70.71258544921875
64.97444152832031
68.35688018798828
68.7568359375
72.38521575927734
75.4279556274414
67.09793853759766
70.16619873046875
77.71808624267578
71.07887268066406
65.31294250488281
69.8338851928711
64.9766616821289
66.0754165649414
64.99412536621094
72.35649108886719
72.39252471923828
70.34174346923828
74.33142852783203
68.68629455566406
69.29098510742188
68.42692565917969
71.45478057861328
77.46307373046875
67.87401580810547
80.94203186035156
67.92115783691406
75.80488586425781
67.08685302734375
69.15234375
71.06613159179688
66.37628936767578
66.95166015625
72.37142181396484
72.08002471923828
65.18269348144531
70.80216217041016
72.016845703125
69.54537963867188
78.96348571777344
73.65249633789062
75.78440856933594
64.9306411743164
70.47209167480469
67.01869201660156
66.28559875488281
65.80926513671875
67.51052856445312
66.69502258300781
65.74122619628906
69.63551330566406
74.36524963378906
65.56192016601562
