199.43991088867188
111.46424102783203
89.21239471435547
87.34127807617188
82.95805358886719
89.49356079101562
75.1808853149414
87.96025848388672
78.12664031982422
66.70536804199219
68.89388275146484
77.17066192626953
70.02027130126953
77.11407470703125
64.36128234863281
77.6758804321289
67.60871887207031
66.17780303955078
71.2354736328125
66.61158752441406
92.12592315673828
64.72152709960938
77.91536712646484
82.47885131835938
66.0316162109375
76.62840270996094
63.461830139160156
71.27811431884766
82.3395004272461
68.8532485961914
63.343509674072266
62.243316650390625
65.7393569946289
76.57074737548828
70.41378021240234
66.1513671875
62.416629791259766
66.72965240478516
63.0186882019043
61.108558654785156
61.015804290771484
62.51666259765625
60.05846405029297
72.34382629394531
67.15995025634766
60.46966552734375
67.08848571777344
59.781394958496094
91.31045532226562
60.17759704589844
70.6446304321289
58.42910385131836
59.03485107421875
60.0937614440918
59.966060638427734
84.37432861328125
69.87031555175781
58.490692138671875
100.67667388916016
94.92362213134766
58.125850677490234
59.0649299621582
58.72908020019531
58.345458984375
59.97264099121094
59.46627426147461
63.967140197753906
58.51664352416992
59.32025909423828
83.99131774902344
58.58281326293945
58.413360595703125
58.49449920654297
78.15303802490234
58.34691619873047
63.11151123046875
58.25107955932617
58.20927810668945
58.474273681640625
58.44219970703125
68.06938934326172
65.765380859375
58.541404724121094
58.070865631103516
58.791259765625
57.908241271972656
58.012306213378906
94.65504455566406
58.180660247802734
57.944984436035156
57.94236755371094
58.117897033691406
57.91771697998047
91.83482360839844
58.07817077636719
88.34632110595703
57.902679443359375
57.89131164550781
73.42434692382812
58.028167724609375
